%YAML:1.0
---
model_type: PINHOLE
camera_name: infra1
image_width: 640
image_height: 480
distortion_parameters:
   k1: 0.009830002251518
   k2: 0.000512679172479
   p1: 0.002347795325471
   p2: 0.003134741987753
projection_parameters:
   fx: 391.351108945010
   fy: 390.748509834967
   cx: 329.166066518903
   cy: 244.176384406939
