%YAML:1.0
---
model_type: PINHOLE
camera_name: camera
image_width: 640
image_height: 480
distortion_parameters:
   k1: 0.010363596547356    
   k2: -0.00081886859870
   p1: 0.002382702542342
   p2: 0.002604547414788
projection_parameters:
   fx: 391.264660077060
   fy: 390.587456318936
   cx: 328.524505428630
   cy: 244.345194453728
