cam0:
  T_cam_imu:
  - [-0.9998690229520761, 0.008626276693903475, 0.013693950900269798, 0.018155620294942113]
  - [-0.008530441356060205, -0.9999388230948292, 0.0070414230093663495, 0.01514612640407732]
  - [0.013753854409931784, 0.006923685299479886, 0.9998814400071352, -0.010374692806299324]
  - [0.0, 0.0, 0.0, 1.0]
  cam_overlaps: [1]
  camera_model: omni
  distortion_coeffs: [-0.2572700733153039, -0.03633589137983016, 0.0010301519370796758,
    -0.0004670121341190266]
  distortion_model: radtan
  intrinsics: [0.9435421743992218, 556.298481510608, 554.5690511397764, 420.49786515023254,
    411.95039073349835]
  resolution: [848, 800]
  rostopic: /camera/fisheye1/image_raw
  timeshift_cam_imu: 0.0003032511560368961
cam1:
  T_cam_imu:
  - [-0.9999410034178698, 0.008529526133797188, 0.0067258358288505545, -0.0459427088902014]
  - [-0.008498132386659675, -0.9999529269518294, 0.004682480796387372, 0.015085370139442422]
  - [0.006765458565580384, 0.0046250475027399835, 0.9999664181891286, -0.010482831190895957]
  - [0.0, 0.0, 0.0, 1.0]
  T_cn_cnm1:
  - [0.999975715415249, 4.829322055287857e-05, -0.006968948811023729, -0.06417092044176385]
  - [-6.472964028114215e-05, 0.9999972170744261, -0.0023583158146131527, -8.400570943842232e-05]
  - [0.006968815526292075, 0.0023587096414425524, 0.9999729356832577, -0.0002706676515495313]
  - [0.0, 0.0, 0.0, 1.0]
  cam_overlaps: [0]
  camera_model: omni
  distortion_coeffs: [-0.25840846666370487, -0.032037705367465426, 0.0013450591638324183,
    -0.001327875610145071]
  distortion_model: radtan
  intrinsics: [0.936645158563188, 554.1322084444726, 552.3681452208727, 432.06392559389275,
    407.3437421932299]
  resolution: [848, 800]
  rostopic: /camera/fisheye2/image_raw
  timeshift_cam_imu: 0.00029875478914346415
