[LEFT_CAM_2K]
cx = 1144.65
cy = 653.738
fx = 1397.35
fy = 1397.35
k1 = -0.173744
k2 = 0.0274442


[LEFT_CAM_FHD]
cx = 1000.65
cy = 572.738
fx = 1397.35
fy = 1397.35
k1 = -0.173744
k2 = 0.0274442


[LEFT_CAM_HD]
cx = 658.827
cy = 374.869
fx = 698.675
fy = 698.675
k1 = -0.173744
k2 = 0.0274442


[LEFT_CAM_VGA]
cx = 344.413
cy = 194.435
fx = 349.337
fy = 349.337
k1 = -0.173744
k2 = 0.0274442


[RIGHT_CAM_2K]
cx = 1094.72
cy = 608.458
fx = 1400.04
fy = 1400.04
k1 = -0.173659
k2 = 0.0271244


[RIGHT_CAM_FHD]
cx = 950.72
cy = 527.458
fx = 1400.04
fy = 1400.04
k1 = -0.173659
k2 = 0.0271244


[RIGHT_CAM_HD]
cx = 633.86
cy = 352.229
fx = 700.022
fy = 700.022
k1 = -0.173659
k2 = 0.0271244


[RIGHT_CAM_VGA]
cx = 331.93
cy = 183.115
fx = 350.011
fy = 350.011
k1 = -0.173659
k2 = 0.0271244


[STEREO]
BaseLine = 62.9001
CV_2K = 0.0182758
CV_FHD = 0.0182758
CV_HD = 0.0182758
CV_VGA = 0.0182758
RX_2K = -0.00236657
RX_FHD = -0.00236657
RX_HD = -0.00236657
RX_VGA = -0.00236657
RZ_2K = -0.0004433
RZ_FHD = -0.0004433
RZ_HD = -0.0004433
RZ_VGA = -0.0004433
