cam0:
  T_cam_imu:
  - [0.0014846158067664955, -0.9999566394077031, -0.009193215996598725, 0.0026856085760216626]
  - [0.026265352079174964, 0.009229046866280219, -0.9996124028712818, 0.0009023689144005919]
  - [0.9996539037067099, 0.0012425773190519185, 0.02627791478681095, 0.0006287860401229842]
  - [0.0, 0.0, 0.0, 1.0]
  cam_overlaps: [1]
  camera_model: pinhole
  distortion_coeffs: [0.008147778356836785, -0.0037053354094802515, 0.00233892524850841,
    -0.0016225870051823363]
  distortion_model: radtan
  intrinsics: [350.6710644389852, 350.2475087910409, 329.2739557834024, 193.25709071404128]
  resolution: [672, 376]
  rostopic: /zed/left/image_rect_color
  timeshift_cam_imu: -0.04160225821116555
cam1:
  T_cam_imu:
  - [-0.0016843852880614036, -0.9999562677393219, -0.009199209479474446, -0.06711970546466307]
  - [0.025674324312040753, 0.009152946405229194, -0.9996284572996227, 0.0022119334059672777]
  - [0.9996689411586828, -0.0019199429545934121, 0.02565778442752982, 0.0006892909975584863]
  - [0.0, 0.0, 0.0, 1.0]
  T_cn_cnm1:
  - [0.9999949786980012, -7.724033953101153e-05, -0.0031680613497009993, -0.06980323882340075]
  - [7.53673039520834e-05, 0.9999998223185775, -0.0005913396522215397, 0.0013097340709413215]
  - [0.003168106462070866, 0.0005910979146838798, 0.9999948068388664, 5.146654055486254e-05]
  - [0.0, 0.0, 0.0, 1.0]
  cam_overlaps: [0]
  camera_model: pinhole
  distortion_coeffs: [0.007140913951502129, -0.0038466488085136773, 0.0021614899865584404,
    0.0007468285272957783]
  distortion_model: radtan
  intrinsics: [350.4040190156699, 349.8618071780678, 332.64898397418125, 193.11729278832107]
  resolution: [672, 376]
  rostopic: /zed/right/image_rect_color
  timeshift_cam_imu: -0.04936740648570225
