cam0:
  cam_overlaps: [1]
  camera_model: pinhole
  distortion_coeffs: [0.008147778356836785, -0.0037053354094802515, 0.00233892524850841,
    -0.0016225870051823363]
  distortion_model: radtan
  intrinsics: [350.6710644389852, 350.2475087910409, 329.2739557834024, 193.25709071404128]
  resolution: [672, 376]
  rostopic: /zed/left/image_rect_color
cam1:
  T_cn_cnm1:
  - [0.9999949786980017, -7.724033953101151e-05, -0.0031680613497009993, -0.06980323882340075]
  - [7.536730395208339e-05, 0.999999822318578, -0.0005913396522215398, 0.0013097340709413215]
  - [0.003168106462070866, 0.0005910979146838799, 0.9999948068388669, 5.146654055486254e-05]
  - [0.0, 0.0, 0.0, 1.0]
  cam_overlaps: [0]
  camera_model: pinhole
  distortion_coeffs: [0.007140913951502129, -0.0038466488085136773, 0.0021614899865584404,
    0.0007468285272957783]
  distortion_model: radtan
  intrinsics: [350.4040190156699, 349.8618071780678, 332.64898397418125, 193.11729278832107]
  resolution: [672, 376]
  rostopic: /zed/right/image_rect_color
