cam0:
  T_cam_imu:
  - [0.0022861906701977905, -0.99997946440683, 0.005986993974378105, -0.005721885037759798]
  - [-0.9999664123422163, -0.002333200812352734, -0.007856867149598544, -0.0011726289891603671]
  - [0.007870674663375737, -0.005968830588898943, -0.9999512115807174, -0.025651790528543838]
  - [0.0, 0.0, 0.0, 1.0]
  cam_overlaps: []
  camera_model: pinhole
  distortion_coeffs: [-0.10274641239957318, 0.2103353258353151, -0.0016423912126333651,
    0.0018398006644545681]
  distortion_model: radtan
  intrinsics: [1470.0495238123717, 1467.952524594808, 673.5134474922614, 483.0784345893267]
  resolution: [1288, 964]
  rostopic: /camera/image_mono
  timeshift_cam_imu: -0.044265417652620605
