cam0:
  cam_overlaps: [1]
  camera_model: omni
  distortion_coeffs: [-0.2572700733153039, -0.03633589137983016, 0.0010301519370796758,
    -0.0004670121341190266]
  distortion_model: radtan
  intrinsics: [0.9435421743992218, 556.298481510608, 554.5690511397764, 420.49786515023254,
    411.95039073349835]
  resolution: [848, 800]
  rostopic: /camera/fisheye1/image_raw
cam1:
  T_cn_cnm1:
  - [0.9999757154152505, 4.8293220552878586e-05, -0.006968948811023728, -0.06417092044176385]
  - [-6.472964028114213e-05, 0.9999972170744277, -0.0023583158146131527, -8.400570943842232e-05]
  - [0.006968815526292074, 0.0023587096414425524, 0.9999729356832593, -0.0002706676515495313]
  - [0.0, 0.0, 0.0, 1.0]
  cam_overlaps: [0]
  camera_model: omni
  distortion_coeffs: [-0.25840846666370487, -0.032037705367465426, 0.0013450591638324183,
    -0.001327875610145071]
  distortion_model: radtan
  intrinsics: [0.936645158563188, 554.1322084444726, 552.3681452208727, 432.06392559389275,
    407.3437421932299]
  resolution: [848, 800]
  rostopic: /camera/fisheye2/image_raw
