# The modifications of the output file from Kalibr:
# 1. For each matrix (e.g. cam0/T_cam_imu), remove the brackets and minus sign for each line. Use one pair of brackets for each matrix.
# 2. Add the T_imu_body at the end of the calibration file (usually set to identity).
cam0:
  T_cam_imu:
    [0.0,  -1.0,   0.0,  0.0,
     0.0,   0.0,  -1.0,  0.0,
     1.0,   0.0,   0.0,  0.0,
     0.0,   0.0,   0.0,  1.0]
  camera_model: pinhole
  distortion_coeffs: [0.0, 0.0, 0.0, 0.0]
  distortion_model: radtan
  intrinsics: [342.7555236816406, 320.0, 342.7555236816406, 240.0]
  resolution: [640, 480]
  timeshift_cam_imu: 0.0
cam1:
  T_cam_imu:
    [0.0,  -1.0,   0.0, -0.32,
     0.0,   0.0,  -1.0,  0.0,
     1.0,   0.0,   0.0,  0.0,
     0.0,   0.0,   0.0,  1.0]
  T_cn_cnm1: #T_c1_c0 : c0's points from c1's view 
    [1.0,   0.0,   0.0,  -0.32,
     0.0,   1.0,   0.0,  0.0,
     0.0,   0.0,   1.0,  0.0,
     0.0,   0.0,   0.0,  1.0]
  camera_model: pinhole
  distortion_coeffs: [0.0, 0.0, 0.0, 0.0]
  distortion_model: radtan
  intrinsics: [342.7555236816406, 320.0, 342.7555236816406, 240.0]
  resolution: [640, 480]
  timeshift_cam_imu: 0.0
T_imu_body:
  [1.0000, 0.0000, 0.0000, 0.0000,
  0.0000, 1.0000, 0.0000, 0.0000,
  0.0000, 0.0000, 1.0000, 0.0000,
  0.0000, 0.0000, 0.0000, 1.0000]

