cam0:
  cam_overlaps: [1]
  camera_model: pinhole
  distortion_coeffs: [0.009830002251518099, 0.0005126791724795964, 0.0023477953254712443,
    0.0031347419877538196]
  distortion_model: radtan
  intrinsics: [391.3511089450101, 390.748509834967, 329.16606651890316, 244.17638440693966]
  resolution: [640, 480]
  rostopic: /camera/infra1/image_rect_raw
cam1:
  T_cn_cnm1:
  - [0.9999988341556305, -0.00023531833354696166, 0.001508745394942363, -0.04964636083821414]
  - [0.00023569250519946618, 0.9999999415149532, -0.0002478288487783389, 3.675257730466276e-05]
  - [-0.0015086869880316146, 0.00024818415983031243, 0.9999988311334169, -6.664552747655294e-07]
  - [0.0, 0.0, 0.0, 1.0]
  cam_overlaps: [0]
  camera_model: pinhole
  distortion_coeffs: [0.01036359654735661, -0.0008188685987084828, 0.0023827025423422948,
    0.00260454741478862]
  distortion_model: radtan
  intrinsics: [391.26466007706006, 390.5874563189364, 328.52450542863005, 244.34519445372817]
  resolution: [640, 480]
  rostopic: /camera/infra2/image_rect_raw
