cam0:
  T_cam_imu:
  - [-0.004075127728350117, -0.9999905204789428, 0.0015337164834008377, 0.002379124063015188]
  - [-0.0060896006776078315, -0.0015088847025153426, -0.9999803198216166, -0.015692667834414312]
  - [0.9999731546884574, -0.004084387250046062, -0.006083394053219784, 0.0006325110548089432]
  - [0.0, 0.0, 0.0, 1.0]
  cam_overlaps: [1]
  camera_model: pinhole
  distortion_coeffs: [0.009830002251518099, 0.0005126791724795964, 0.0023477953254712443,
    0.0031347419877538196]
  distortion_model: radtan
  intrinsics: [391.3511089450101, 390.748509834967, 329.16606651890316, 244.17638440693966]
  resolution: [640, 480]
  rostopic: /camera/infra1/image_rect_raw
  timeshift_cam_imu: -0.07239805142178155
cam1:
  T_cam_imu:
  - [-0.0025649850904999037, -0.999995161877843, 0.001759850105002847, -0.04726259247830245]
  - [-0.006338382994256153, -0.001743562656225299, -0.9999783922116927, -0.015655510352099156]
  - [0.9999766226030005, -0.0025760842708230647, -0.006333880116167394, 0.0006243598351143764]
  - [0.0, 0.0, 0.0, 1.0]
  T_cn_cnm1:
  - [0.9999988341556294, -0.00023531833354696166, 0.0015087453949423628, -0.04964636083821414]
  - [0.00023569250519946618, 0.9999999415149521, -0.0002478288487783389, 3.675257730466276e-05]
  - [-0.0015086869880316144, 0.00024818415983031243, 0.9999988311334158, -6.664552747655294e-07]
  - [0.0, 0.0, 0.0, 1.0]
  cam_overlaps: [0]
  camera_model: pinhole
  distortion_coeffs: [0.01036359654735661, -0.0008188685987084828, 0.0023827025423422948,
    0.00260454741478862]
  distortion_model: radtan
  intrinsics: [391.26466007706006, 390.5874563189364, 328.52450542863005, 244.34519445372817]
  resolution: [640, 480]
  rostopic: /camera/infra2/image_rect_raw
  timeshift_cam_imu: -0.07240749043031255
