cam0:
  cam_overlaps: [1]
  camera_model: pinhole
  distortion_coeffs: [0.07644672366773358, -0.11379626861839984, 0.0008189670995508705,
    0.0002806634619371922]
  distortion_model: radtan
  intrinsics: [421.5669029808091, 419.9735018071812, 316.11296529792736, 199.00943931140193]
  resolution: [640, 400]
  rostopic: /oakd/stereo_ir/left/image_raw
cam1:
  T_cn_cnm1:
  - [0.9999453376413551, 0.00745233543335475, -0.0073337866002575166, -0.07497447177583326]
  - [-0.007400500414184737, 0.9999476231051039, 0.007069910895179324, 0.0017304278098267023]
  - [0.007386089826762396, -0.007015250746401661, 0.9999481146209683, -1.3877202213928815e-05]
  - [0.0, 0.0, 0.0, 1.0]
  cam_overlaps: [0]
  camera_model: pinhole
  distortion_coeffs: [0.07295454286203246, -0.11362362644847068, -0.0003364900885894738,
    -0.0008128357461175447]
  distortion_model: radtan
  intrinsics: [423.73924721507734, 422.2169242295692, 317.56464593849574, 198.7006786616447]
  resolution: [640, 400]
  rostopic: /oakd/stereo_ir/right/image_raw
