cam0:
  T_cam_imu:
  - [-0.019378455320832585, 0.9995934140090874, -0.020916073700256804, 0.0035001260049109784]
  - [0.9939433853886366, 0.016997120926204437, -0.10857091932186594, -0.0019610079320090236]
  - [-0.10817126287306456, -0.022893329811891988, -0.9938686398808291, -0.014145176080773602]
  - [0.0, 0.0, 0.0, 1.0]
  cam_overlaps: [1]
  camera_model: pinhole
  distortion_coeffs: [0.024928081869911203, -0.07012745556025037, 0.0016001560423120524,
    0.001320584198377349]
  distortion_model: radtan
  intrinsics: [402.6924003215458, 402.17096238661736, 322.5035234860196, 205.73428302958067]
  resolution: [640, 400]
  rostopic: /oakd/stereo_ir/left/image_raw
  timeshift_cam_imu: 0.02087032001365124
cam1:
  T_cam_imu:
  - [-0.0056822955031679365, 0.9999295462659732, -0.01042180512866532, -0.07160513368499609]
  - [0.9946628314453585, 0.004578040985450968, -0.10307712298001953, -0.0015777109507592087]
  - [-0.10302214936079142, -0.010951896870438856, -0.9946187675164904, -0.013835664311838818]
  - [0.0, 0.0, 0.0, 1.0]
  T_cn_cnm1:
  - [0.99985108627425, 0.012479548350182511, -0.011919150522397151, -0.07524886446267304]
  - [-0.012542880919275596, 0.9999075335262744, -0.005253621193533898, 0.0003527039205992335]
  - [0.011852485580880303, 0.005402339342889645, 0.9999151630589352, 0.00027742057276362376]
  - [0.0, 0.0, 0.0, 1.0]
  cam_overlaps: [0]
  camera_model: pinhole
  distortion_coeffs: [0.0252658811574496, -0.07111700969440314, 0.0006870932002197671,
    0.0011944668239180377]
  distortion_model: radtan
  intrinsics: [405.2757307734914, 404.5312459975442, 338.0068814384687, 200.053362441959]
  resolution: [640, 400]
  rostopic: /oakd/stereo_ir/right/image_raw
  timeshift_cam_imu: 0.020857957041226755
