cam0:
  cam_overlaps: [1]
  camera_model: pinhole
  distortion_coeffs: [0.024928081869911203, -0.07012745556025037, 0.0016001560423120524,
    0.001320584198377349]
  distortion_model: radtan
  intrinsics: [402.6924003215458, 402.17096238661736, 322.5035234860196, 205.73428302958067]
  resolution: [640, 400]
  rostopic: /oakd/stereo_ir/left/image_raw
cam1:
  T_cn_cnm1:
  - [0.9998510862742493, 0.012479548350182511, -0.011919150522397151, -0.07524886446267304]
  - [-0.012542880919275596, 0.9999075335262737, -0.005253621193533898, 0.0003527039205992335]
  - [0.011852485580880303, 0.005402339342889645, 0.9999151630589346, 0.00027742057276362376]
  - [0.0, 0.0, 0.0, 1.0]
  cam_overlaps: [0]
  camera_model: pinhole
  distortion_coeffs: [0.0252658811574496, -0.07111700969440314, 0.0006870932002197671,
    0.0011944668239180377]
  distortion_model: radtan
  intrinsics: [405.2757307734914, 404.5312459975442, 338.0068814384687, 200.053362441959]
  resolution: [640, 400]
  rostopic: /oakd/stereo_ir/right/image_raw
