cam0:
  T_cam_imu:
  - [0.010826707531204738, -0.9952767688058884, -0.09647246176678254, 0.0401812029209612]
  - [-0.10955080365652858, 0.09471675461627904, -0.9894581132181229, -0.014247309927680644]
  - [0.9939222322808974, 0.021281209323465, -0.10800789928282284, -0.06661114067201376]
  - [0.0, 0.0, 0.0, 1.0]
  cam_overlaps: [1]
  camera_model: pinhole
  distortion_coeffs: [0.07644672366773358, -0.11379626861839984, 0.0008189670995508705,
    0.0002806634619371922]
  distortion_model: radtan
  intrinsics: [421.5669029808091, 419.9735018071812, 316.11296529792736, 199.00943931140193]
  resolution: [640, 400]
  rostopic: /oakd/stereo_ir/left/image_raw
  timeshift_cam_imu: -0.04271288147041852
cam1:
  T_cam_imu:
  - [0.002720492833193172, -0.9946725754514195, -0.1030488552269519, -0.03441312909591252]
  - [-0.10259824716020549, 0.10222779604021301, -0.9894559502051694, -0.013284431726035764]
  - [0.9947191556406252, 0.013264439739444633, -0.1017735527531623, -0.06622483130422047]
  - [0.0, 0.0, 0.0, 1.0]
  T_cn_cnm1:
  - [0.9999453376413568, 0.00745233543335475, -0.007333786600257517, -0.07497447177583326]
  - [-0.007400500414184737, 0.9999476231051057, 0.0070699108951793235, 0.0017304278098267023]
  - [0.007386089826762397, -0.00701525074640166, 0.9999481146209701, -1.3877202213928815e-05]
  - [0.0, 0.0, 0.0, 1.0]
  cam_overlaps: [0]
  camera_model: pinhole
  distortion_coeffs: [0.07295454286203246, -0.11362362644847068, -0.0003364900885894738,
    -0.0008128357461175447]
  distortion_model: radtan
  intrinsics: [423.73924721507734, 422.2169242295692, 317.56464593849574, 198.7006786616447]
  resolution: [640, 400]
  rostopic: /oakd/stereo_ir/right/image_raw
  timeshift_cam_imu: -0.04695524263324441
